--------------------------------------------------------------------------------------------
| % completed | current CI | best CI | current Brier | best Brier | loss test | loss train |
      1.00        0.7949     0.7949       0.1325         0.1325      0.7477      0.7776
      2.00        0.7959     0.7959       0.1303         0.1303      0.7409      0.7512
      3.00        0.7965     0.7965       0.1299         0.1299      0.7388      0.7464
      4.00        0.7969     0.7969       0.1297         0.1297      0.7379      0.7435
      5.00        0.7972     0.7972       0.1296         0.1296      0.7375      0.7413
      6.00        0.7973     0.7973       0.1295         0.1295      0.7373      0.7394
      7.00        0.7974     0.7974       0.1295         0.1295      0.7372      0.7378
      8.00        0.7974     0.7974       0.1295         0.1295      0.7376      0.7363
      9.00        0.7975     0.7975       0.1296         0.1295      0.7376      0.7348
